9999
1
100 99
1
1
9999 
0.520652065
100 99
0.420000000 0.320000000 0.560000000 0.470000000 0.550000000 0.610000000 0.470000000 0.510000000 0.580000000 0.580000000 0.580000000 0.520000000 0.490000000 0.600000000 0.500000000 0.610000000 0.510000000 0.530000000 0.480000000 0.500000000 0.550000000 0.480000000 0.440000000 0.560000000 0.530000000 0.520000000 0.500000000 0.550000000 0.560000000 0.500000000 0.550000000 0.580000000 0.510000000 0.580000000 0.560000000 0.690000000 0.540000000 0.510000000 0.510000000 0.580000000 0.510000000 0.530000000 0.480000000 0.520000000 0.590000000 0.560000000 0.580000000 0.530000000 0.530000000 0.490000000 0.350000000 0.420000000 0.490000000 0.510000000 0.580000000 0.560000000 0.470000000 0.420000000 0.430000000 0.470000000 0.470000000 0.540000000 0.580000000 0.580000000 0.430000000 0.490000000 0.500000000 0.570000000 0.420000000 0.560000000 0.540000000 0.550000000 0.540000000 0.570000000 0.510000000 0.630000000 0.520000000 0.620000000 0.470000000 0.450000000 0.370000000 0.560000000 0.490000000 0.490000000 0.550000000 0.490000000 0.480000000 0.570000000 0.470000000 0.590000000 0.580000000 0.410000000 0.490000000 0.470000000 0.540000000 0.680000000 0.520000000 0.530000000 0.490000000 
9999 9999 9999 9999 9999 9999 9999 9999 9999 9999 9999 9999 9999 9999 9999 9999 9999 9999 9999 9999 9999 9999 9999 9999 9999 9999 9999 9999 9999 9999 9999 9999 9999 9999 9999 9999 9999 9999 9999 9999 9999 9999 9999 9999 9999 9999 9999 9999 9999 9999 9999 9999 9999 9999 9999 9999 9999 9999 9999 9999 9999 9999 9999 9999 9999 9999 9999 9999 9999 9999 9999 9999 9999 9999 9999 9999 9999 9999 9999 9999 9999 9999 9999 9999 9999 9999 9999 9999 9999 9999 9999 9999 9999 9999 9999 9999 9999 9999 9999 9999 
100000 0.000000000
0.988998900
0.988598860
1
100
6267
6180
